18.0243230
-67.1740580
4
18.0239965
-67.1738863
7
18.0236292
-67.1737146
8
18.0232211
-67.1734571
8
18.0228130
-67.1732855
8
18.0224049
-67.1732426
8
18.0219152
-67.1731567
9
18.0213030
-67.1730709
9
18.0209358
-67.1730709
10
18.0202828
-67.1730709
7
18.0197523
-67.1730280
6
18.0192217
-67.1729851
6
18.0185279
-67.1729851
7
18.0179566
-67.1731138
8
18.0173852
-67.1731138
11
18.0168547
-67.1732426
10
18.0163650
-67.1733284
10
18.0158344
-67.1734142
10
18.0153447
-67.1735859
10
18.0148550
-67.1736288
10
18.0144060
-67.1736717
10
18.0139979
-67.1738434
10
18.0134265
-67.1741438
10
18.0130184
-67.1742725
9
18.0126511
-67.1746159
9
18.0122430
-67.1749163
8
18.0117124
-67.1753454
9
18.0114676
-67.1756029
8
18.0114676
-67.1760029
9
18.0117124
-67.1757454
9
18.0122430
-67.1753163
8
18.0126511
-67.1750159
8
18.0130184
-67.1746725
8
18.0134265
-67.1745438
9
18.0139979
-67.1742434
10
18.0144060
-67.1740717
11
18.0148550
-67.1740288
10
18.0153447
-67.1739859
10
18.0158344
-67.1738142
11
18.0163650
-67.1737284
10
18.0168547
-67.1736426
10
18.0173852
-67.1735138
9
18.0179566
-67.1735138
11
18.0185279
-67.1733851
10
18.0192217
-67.1733851
9
18.0197523
-67.1734280
8
18.0202828
-67.1734709
10
18.0209358
-67.1734709
11
18.0213030
-67.1734709
10
18.0219152
-67.1735567
10
18.0224049
-67.1736426
9
18.0228130
-67.1736855
9
18.0232211
-67.1738571
9
18.0236292
-67.1741146
8
18.0239965
-67.1742863
8
18.0243230
-67.1744580
4
18.0243230
-67.1748580
1
18.0239965
-67.1746863
8
18.0236292
-67.1745146
9
18.0232211
-67.1742571
10
18.0228130
-67.1740855
10
18.0224049
-67.1740426
11
18.0219152
-67.1739567
10
18.0213030
-67.1738709
10
18.0209358
-67.1738709
10
18.0202828
-67.1738709
10
18.0197523
-67.1738280
11
18.0192217
-67.1737851
11
18.0185279
-67.1737851
11
18.0179566
-67.1739138
10
18.0173852
-67.1739138
10
18.0168547
-67.1740426
10
18.0163650
-67.1741284
10
18.0158344
-67.1742142
10
18.0153447
-67.1743859
11
18.0148550
-67.1744288
10
18.0144060
-67.1744717
11
18.0139979
-67.1746434
10
18.0134265
-67.1749438
9
18.0130184
-67.1750725
8
18.0126511
-67.1754159
8
18.0122430
-67.1757163
9
18.0117124
-67.1761454
9
18.0114676
-67.1764029
9
18.0114676
-67.1768029
9
18.0117124
-67.1765454
9
18.0122430
-67.1761163
10
18.0126511
-67.1758159
9
18.0130184
-67.1754725
8
18.0134265
-67.1753438
10
18.0139979
-67.1750434
10
18.0144060
-67.1748717
10
18.0148550
-67.1748288
10
18.0153447
-67.1747859
10
18.0158344
-67.1746142
11
18.0163650
-67.1745284
10
18.0168547
-67.1744426
10
18.0173852
-67.1743138
11
18.0179566
-67.1743138
11
18.0185279
-67.1741851
11
18.0192217
-67.1741851
11
18.0197523
-67.1742280
11
18.0202828
-67.1742709
11
18.0209358
-67.1742709
10
18.0213030
-67.1742709
10
18.0219152
-67.1743567
10
18.0224049
-67.1744426
11
18.0228130
-67.1744855
11
18.0232211
-67.1746571
10
18.0236292
-67.1749146
10
18.0239965
-67.1750863
8
18.0243230
-67.1752580
3
18.0243230
-67.1756580
8
18.0239965
-67.1754863
10
18.0236292
-67.1753146
10
18.0232211
-67.1750571
11
18.0228130
-67.1748855
11
18.0224049
-67.1748426
11
18.0219152
-67.1747567
11
18.0213030
-67.1746709
11
18.0209358
-67.1746709
11
18.0202828
-67.1746709
11
18.0197523
-67.1746280
13
18.0192217
-67.1745851
12
18.0185279
-67.1745851
12
18.0179566
-67.1747138
12
18.0173852
-67.1747138
11
18.0168547
-67.1748426
10
18.0163650
-67.1749284
11
18.0158344
-67.1750142
11
18.0153447
-67.1751859
10
18.0148550
-67.1752288
10
18.0144060
-67.1752717
10
18.0139979
-67.1754434
10
18.0134265
-67.1757438
10
18.0130184
-67.1758725
9
18.0126511
-67.1762159
10
18.0122430
-67.1765163
10
18.0117124
-67.1769454
9
18.0114676
-67.1772029
9
18.0114676
-67.1776029
10
18.0117124
-67.1773454
10
18.0122430
-67.1769163
10
18.0126511
-67.1766159
10
18.0130184
-67.1762725
11
18.0134265
-67.1761438
10
18.0139979
-67.1758434
11
18.0144060
-67.1756717
11
18.0148550
-67.1756288
11
18.0153447
-67.1755859
9
18.0158344
-67.1754142
9
18.0163650
-67.1753284
10
18.0168547
-67.1752426
11
18.0173852
-67.1751138
11
18.0179566
-67.1751138
12
18.0185279
-67.1749851
12
18.0192217
-67.1749851
13
18.0197523
-67.1750280
13
18.0202828
-67.1750709
11
18.0209358
-67.1750709
11
18.0213030
-67.1750709
11
18.0219152
-67.1751567
13
18.0224049
-67.1752426
13
18.0228130
-67.1752855
13
18.0232211
-67.1754571
12
18.0236292
-67.1757146
10
18.0239965
-67.1758863
10
18.0243230
-67.1760580
10
18.0243230
-67.1764580
11
18.0239965
-67.1762863
10
18.0236292
-67.1761146
6
18.0232211
-67.1758571
14
18.0228130
-67.1756855
14
18.0224049
-67.1756426
14
18.0219152
-67.1755567
14
18.0213030
-67.1754709
13
18.0209358
-67.1754709
13
18.0202828
-67.1754709
13
18.0197523
-67.1754280
13
18.0192217
-67.1753851
13
18.0185279
-67.1753851
12
18.0179566
-67.1755138
13
18.0173852
-67.1755138
12
18.0168547
-67.1756426
11
18.0163650
-67.1757284
12
18.0158344
-67.1758142
10
18.0153447
-67.1759859
9
18.0148550
-67.1760288
11
18.0144060
-67.1760717
12
18.0139979
-67.1762434
12
18.0134265
-67.1765438
10
18.0130184
-67.1766725
10
18.0126511
-67.1770159
11
18.0122430
-67.1773163
11
18.0117124
-67.1777454
11
18.0114676
-67.1780029
13
18.0114676
-67.1784029
13
18.0117124
-67.1781454
15
18.0122430
-67.1777163
12
18.0126511
-67.1774159
11
18.0130184
-67.1770725
11
18.0134265
-67.1769438
12
18.0139979
-67.1766434
12
18.0144060
-67.1764717
12
18.0148550
-67.1764288
12
18.0153447
-67.1763859
12
18.0158344
-67.1762142
12
18.0163650
-67.1761284
13
18.0168547
-67.1760426
12
18.0173852
-67.1759138
12
18.0179566
-67.1759138
12
18.0185279
-67.1757851
12
18.0192217
-67.1757851
12
18.0197523
-67.1758280
12
18.0202828
-67.1758709
13
18.0209358
-67.1758709
13
18.0213030
-67.1758709
13
18.0219152
-67.1759567
14
18.0224049
-67.1760426
14
18.0228130
-67.1760855
14
18.0232211
-67.1762571
13
18.0236292
-67.1765146
10
18.0239965
-67.1766863
14
18.0243230
-67.1768580
13
18.0243230
-67.1772580
13
18.0239965
-67.1770863
13
18.0236292
-67.1769146
14
18.0232211
-67.1766571
15
18.0228130
-67.1764855
14
18.0224049
-67.1764426
14
18.0219152
-67.1763567
14
18.0213030
-67.1762709
14
18.0209358
-67.1762709
13
18.0202828
-67.1762709
13
18.0197523
-67.1762280
13
18.0192217
-67.1761851
13
18.0185279
-67.1761851
12
18.0179566
-67.1763138
13
18.0173852
-67.1763138
12
18.0168547
-67.1764426
12
18.0163650
-67.1765284
12
18.0158344
-67.1766142
12
18.0153447
-67.1767859
13
18.0148550
-67.1768288
13
18.0144060
-67.1768717
12
18.0139979
-67.1770434
12
18.0134265
-67.1773438
14
18.0130184
-67.1774725
12
18.0126511
-67.1778159
13
18.0122430
-67.1781163
14
18.0117124
-67.1785454
13
18.0114676
-67.1788029
12
18.0114676
-67.1792029
12
18.0117124
-67.1789454
13
18.0122430
-67.1785163
13
18.0126511
-67.1782159
14
18.0130184
-67.1778725
14
18.0134265
-67.1777438
13
18.0139979
-67.1774434
13
18.0144060
-67.1772717
13
18.0148550
-67.1772288
13
18.0153447
-67.1771859
13
18.0158344
-67.1770142
13
18.0163650
-67.1769284
13
18.0168547
-67.1768426
14
18.0173852
-67.1767138
13
18.0179566
-67.1767138
13
18.0185279
-67.1765851
13
18.0192217
-67.1765851
12
18.0197523
-67.1766280
13
18.0202828
-67.1766709
13
18.0209358
-67.1766709
13
18.0213030
-67.1766709
14
18.0219152
-67.1767567
14
18.0224049
-67.1768426
14
18.0228130
-67.1768855
14
18.0232211
-67.1770571
14
18.0236292
-67.1773146
14
18.0239965
-67.1774863
13
18.0243230
-67.1776580
13
18.0243230
-67.1780580
13
18.0239965
-67.1778863
14
18.0236292
-67.1777146
14
18.0232211
-67.1774571
13
18.0228130
-67.1772855
15
18.0224049
-67.1772426
14
18.0219152
-67.1771567
14
18.0213030
-67.1770709
14
18.0209358
-67.1770709
13
18.0202828
-67.1770709
13
18.0197523
-67.1770280
13
18.0192217
-67.1769851
13
18.0185279
-67.1769851
13
18.0179566
-67.1771138
13
18.0173852
-67.1771138
14
18.0168547
-67.1772426
14
18.0163650
-67.1773284
14
18.0158344
-67.1774142
14
18.0153447
-67.1775859
14
18.0148550
-67.1776288
13
18.0144060
-67.1776717
13
18.0139979
-67.1778434
13
18.0134265
-67.1781438
14
18.0130184
-67.1782725
14
18.0126511
-67.1786159
14
18.0122430
-67.1789163
14
18.0117124
-67.1793454
13
18.0114676
-67.1796029
14
18.0114676
-67.1800029
15
18.0117124
-67.1797454
15
18.0122430
-67.1793163
15
18.0126511
-67.1790159
14
18.0130184
-67.1786725
14
18.0134265
-67.1785438
14
18.0139979
-67.1782434
14
18.0144060
-67.1780717
13
18.0148550
-67.1780288
14
18.0153447
-67.1779859
14
18.0158344
-67.1778142
14
18.0163650
-67.1777284
14
18.0168547
-67.1776426
14
18.0173852
-67.1775138
14
18.0179566
-67.1775138
14
18.0185279
-67.1773851
13
18.0192217
-67.1773851
13
18.0197523
-67.1774280
14
18.0202828
-67.1774709
14
18.0209358
-67.1774709
14
18.0213030
-67.1774709
14
18.0219152
-67.1775567
14
18.0224049
-67.1776426
14
18.0228130
-67.1776855
14
18.0232211
-67.1778571
14
18.0236292
-67.1781146
14
18.0239965
-67.1782863
14
18.0243230
-67.1784580
13
18.0243230
-67.1788580
14
18.0239965
-67.1786863
15
18.0236292
-67.1785146
14
18.0232211
-67.1782571
14
18.0228130
-67.1780855
14
18.0224049
-67.1780426
14
18.0219152
-67.1779567
14
18.0213030
-67.1778709
13
18.0209358
-67.1778709
14
18.0202828
-67.1778709
14
18.0197523
-67.1778280
14
18.0192217
-67.1777851
14
18.0185279
-67.1777851
14
18.0179566
-67.1779138
14
18.0173852
-67.1779138
14
18.0168547
-67.1780426
14
18.0163650
-67.1781284
14
18.0158344
-67.1782142
14
18.0153447
-67.1783859
14
18.0148550
-67.1784288
13
18.0144060
-67.1784717
14
18.0139979
-67.1786434
14
18.0134265
-67.1789438
14
18.0130184
-67.1790725
14
18.0126511
-67.1794159
15
18.0122430
-67.1797163
15
18.0117124
-67.1801454
15
18.0114676
-67.1804029
16
18.0114676
-67.1808029
15
18.0117124
-67.1805454
16
18.0122430
-67.1801163
16
18.0126511
-67.1798159
15
18.0130184
-67.1794725
15
18.0134265
-67.1793438
15
18.0139979
-67.1790434
15
18.0144060
-67.1788717
15
18.0148550
-67.1788288
15
18.0153447
-67.1787859
15
18.0158344
-67.1786142
15
18.0163650
-67.1785284
14
18.0168547
-67.1784426
14
18.0173852
-67.1783138
14
18.0179566
-67.1783138
14
18.0185279
-67.1781851
14
18.0192217
-67.1781851
14
18.0197523
-67.1782280
14
18.0202828
-67.1782709
14
18.0209358
-67.1782709
14
18.0213030
-67.1782709
14
18.0219152
-67.1783567
14
18.0224049
-67.1784426
15
18.0228130
-67.1784855
15
18.0232211
-67.1786571
16
18.0236292
-67.1789146
15
18.0239965
-67.1790863
15
18.0243230
-67.1792580
15
18.0243230
-67.1796580
15
18.0239965
-67.1794863
16
18.0236292
-67.1793146
15
18.0232211
-67.1790571
15
18.0228130
-67.1788855
15
18.0224049
-67.1788426
15
18.0219152
-67.1787567
15
18.0213030
-67.1786709
15
18.0209358
-67.1786709
15
18.0202828
-67.1786709
15
18.0197523
-67.1786280
14
18.0192217
-67.1785851
14
18.0185279
-67.1785851
14
18.0179566
-67.1787138
15
18.0173852
-67.1787138
14
18.0168547
-67.1788426
15
18.0163650
-67.1789284
16
18.0158344
-67.1790142
16
18.0153447
-67.1791859
15
18.0148550
-67.1792288
16
18.0144060
-67.1792717
15
18.0139979
-67.1794434
15
18.0134265
-67.1797438
16
18.0130184
-67.1798725
16
18.0126511
-67.1802159
16
18.0122430
-67.1805163
16
18.0117124
-67.1809454
16
18.0114676
-67.1812029
16
18.0114676
-67.1816029
18
18.0117124
-67.1813454
16
18.0122430
-67.1809163
16
18.0126511
-67.1806159
16
18.0130184
-67.1802725
16
18.0134265
-67.1801438
16
18.0139979
-67.1798434
16
18.0144060
-67.1796717
15
18.0148550
-67.1796288
16
18.0153447
-67.1795859
16
18.0158344
-67.1794142
16
18.0163650
-67.1793284
17
18.0168547
-67.1792426
16
18.0173852
-67.1791138
15
18.0179566
-67.1791138
17
18.0185279
-67.1789851
17
18.0192217
-67.1789851
16
18.0197523
-67.1790280
16
18.0202828
-67.1790709
16
18.0209358
-67.1790709
16
18.0213030
-67.1790709
15
18.0219152
-67.1791567
16
18.0224049
-67.1792426
15
18.0228130
-67.1792855
15
18.0232211
-67.1794571
15
18.0236292
-67.1797146
16
18.0239965
-67.1798863
16
18.0243230
-67.1800580
16
18.0243230
-67.1804580
16
18.0239965
-67.1802863
16
18.0236292
-67.1801146
16
18.0232211
-67.1798571
16
18.0228130
-67.1796855
16
18.0224049
-67.1796426
16
18.0219152
-67.1795567
16
18.0213030
-67.1794709
16
18.0209358
-67.1794709
16
18.0202828
-67.1794709
16
18.0197523
-67.1794280
17
18.0192217
-67.1793851
17
18.0185279
-67.1793851
17
18.0179566
-67.1795138
18
18.0173852
-67.1795138
17
18.0168547
-67.1796426
16
18.0163650
-67.1797284
17
18.0158344
-67.1798142
16
18.0153447
-67.1799859
16
18.0148550
-67.1800288
16
18.0144060
-67.1800717
16
18.0139979
-67.1802434
16
18.0134265
-67.1805438
16
18.0130184
-67.1806725
17
18.0126511
-67.1810159
16
18.0122430
-67.1813163
16
18.0117124
-67.1817454
16
18.0114676
-67.1820029
18
18.0114676
-67.1824029
18
18.0117124
-67.1821454
18
18.0122430
-67.1817163
18
18.0126511
-67.1814159
17
18.0130184
-67.1810725
16
18.0134265
-67.1809438
16
18.0139979
-67.1806434
16
18.0144060
-67.1804717
16
18.0148550
-67.1804288
16
18.0153447
-67.1803859
16
18.0158344
-67.1802142
17
18.0163650
-67.1801284
16
18.0168547
-67.1800426
16
18.0173852
-67.1799138
17
18.0179566
-67.1799138
18
18.0185279
-67.1797851
17
18.0192217
-67.1797851
17
18.0197523
-67.1798280
16
18.0202828
-67.1798709
16
18.0209358
-67.1798709
16
18.0213030
-67.1798709
17
18.0219152
-67.1799567
16
18.0224049
-67.1800426
16
18.0228130
-67.1800855
17
18.0232211
-67.1802571
16
18.0236292
-67.1805146
17
18.0239965
-67.1806863
16
18.0243230
-67.1808580
17
18.0243230
-67.1812580
17
18.0239965
-67.1810863
17
18.0236292
-67.1809146
17
18.0232211
-67.1806571
16
18.0228130
-67.1804855
16
18.0224049
-67.1804426
17
18.0219152
-67.1803567
16
18.0213030
-67.1802709
17
18.0209358
-67.1802709
16
18.0202828
-67.1802709
16
18.0197523
-67.1802280
16
18.0192217
-67.1801851
17
18.0185279
-67.1801851
18
18.0179566
-67.1803138
18
18.0173852
-67.1803138
17
18.0168547
-67.1804426
17
18.0163650
-67.1805284
17
18.0158344
-67.1806142
16
18.0153447
-67.1807859
17
18.0148550
-67.1808288
17
18.0144060
-67.1808717
16
18.0139979
-67.1810434
16
18.0134265
-67.1813438
16
18.0130184
-67.1814725
17
18.0126511
-67.1818159
19
18.0122430
-67.1821163
19
18.0117124
-67.1825454
18
18.0114676
-67.1828029
19
18.0114676
-67.1832029
19
18.0117124
-67.1829454
19
18.0122430
-67.1825163
18
18.0126511
-67.1822159
19
18.0130184
-67.1818725
19
18.0134265
-67.1817438
18
18.0139979
-67.1814434
16
18.0144060
-67.1812717
17
18.0148550
-67.1812288
16
18.0153447
-67.1811859
16
18.0158344
-67.1810142
16
18.0163650
-67.1809284
17
18.0168547
-67.1808426
17
18.0173852
-67.1807138
17
18.0179566
-67.1807138
18
18.0185279
-67.1805851
17
18.0192217
-67.1805851
17
18.0197523
-67.1806280
17
18.0202828
-67.1806709
16
18.0209358
-67.1806709
16
18.0213030
-67.1806709
17
18.0219152
-67.1807567
17
18.0224049
-67.1808426
16
18.0228130
-67.1808855
16
18.0232211
-67.1810571
17
18.0236292
-67.1813146
18
18.0239965
-67.1814863
17
18.0243230
-67.1816580
16
18.0243230
-67.1820580
17
18.0239965
-67.1818863
17
18.0236292
-67.1817146
17
18.0232211
-67.1814571
18
18.0228130
-67.1812855
17
18.0224049
-67.1812426
17
18.0219152
-67.1811567
17
18.0213030
-67.1810709
17
18.0209358
-67.1810709
17
18.0202828
-67.1810709
16
18.0197523
-67.1810280
16
18.0192217
-67.1809851
17
18.0185279
-67.1809851
18
18.0179566
-67.1811138
18
18.0173852
-67.1811138
18
18.0168547
-67.1812426
18
18.0163650
-67.1813284
18
18.0158344
-67.1814142
18
18.0153447
-67.1815859
18
18.0148550
-67.1816288
18
18.0144060
-67.1816717
18
18.0139979
-67.1818434
18
18.0134265
-67.1821438
20
18.0130184
-67.1822725
20
18.0126511
-67.1826159
19
18.0122430
-67.1829163
18
18.0117124
-67.1833454
18
18.0114676
-67.1836029
19
18.0114676
-67.1840029
19
18.0117124
-67.1837454
19
18.0122430
-67.1833163
18
18.0126511
-67.1830159
19
18.0130184
-67.1826725
20
18.0134265
-67.1825438
20
18.0139979
-67.1822434
19
18.0144060
-67.1820717
18
18.0148550
-67.1820288
19
18.0153447
-67.1819859
18
18.0158344
-67.1818142
18
18.0163650
-67.1817284
18
18.0168547
-67.1816426
19
18.0173852
-67.1815138
18
18.0179566
-67.1815138
18
18.0185279
-67.1813851
17
18.0192217
-67.1813851
18
18.0197523
-67.1814280
17
18.0202828
-67.1814709
17
18.0209358
-67.1814709
17
18.0213030
-67.1814709
17
18.0219152
-67.1815567
18
18.0224049
-67.1816426
18
18.0228130
-67.1816855
18
18.0232211
-67.1818571
18
18.0236292
-67.1821146
18
18.0239965
-67.1822863
18
18.0243230
-67.1824580
18
18.0243230
-67.1828580
18
18.0239965
-67.1826863
18
18.0236292
-67.1825146
18
18.0232211
-67.1822571
19
18.0228130
-67.1820855
19
18.0224049
-67.1820426
19
18.0219152
-67.1819567
18
18.0213030
-67.1818709
18
18.0209358
-67.1818709
18
18.0202828
-67.1818709
18
18.0197523
-67.1818280
17
18.0192217
-67.1817851
18
18.0185279
-67.1817851
19
18.0179566
-67.1819138
19
18.0173852
-67.1819138
18
18.0168547
-67.1820426
19
18.0163650
-67.1821284
18
18.0158344
-67.1822142
18
18.0153447
-67.1823859
19
18.0148550
-67.1824288
19
18.0144060
-67.1824717
19
18.0139979
-67.1826434
20
18.0134265
-67.1829438
20
18.0130184
-67.1830725
20
18.0126511
-67.1834159
19
18.0122430
-67.1837163
19
18.0117124
-67.1841454
19
18.0114676
-67.1844029
20
18.0114676
-67.1848029
20
18.0117124
-67.1845454
20
18.0122430
-67.1841163
20
18.0126511
-67.1838159
20
18.0130184
-67.1834725
20
18.0134265
-67.1833438
20
18.0139979
-67.1830434
20
18.0144060
-67.1828717
20
18.0148550
-67.1828288
20
18.0153447
-67.1827859
20
18.0158344
-67.1826142
19
18.0163650
-67.1825284
19
18.0168547
-67.1824426
19
18.0173852
-67.1823138
19
18.0179566
-67.1823138
19
18.0185279
-67.1821851
18
18.0192217
-67.1821851
18
18.0197523
-67.1822280
18
18.0202828
-67.1822709
18
18.0209358
-67.1822709
18
18.0213030
-67.1822709
19
18.0219152
-67.1823567
19
18.0224049
-67.1824426
19
18.0228130
-67.1824855
19
18.0232211
-67.1826571
19
18.0236292
-67.1829146
19
18.0239965
-67.1830863
19
18.0243230
-67.1832580
19
18.0243230
-67.1836580
19
18.0239965
-67.1834863
19
18.0236292
-67.1833146
19
18.0232211
-67.1830571
19
18.0228130
-67.1828855
19
18.0224049
-67.1828426
18
18.0219152
-67.1827567
19
18.0213030
-67.1826709
19
18.0209358
-67.1826709
19
18.0202828
-67.1826709
19
18.0197523
-67.1826280
19
18.0192217
-67.1825851
19
18.0185279
-67.1825851
19
18.0179566
-67.1827138
19
18.0173852
-67.1827138
19
18.0168547
-67.1828426
20
18.0163650
-67.1829284
20
18.0158344
-67.1830142
20
18.0153447
-67.1831859
20
18.0148550
-67.1832288
20
18.0144060
-67.1832717
20
18.0139979
-67.1834434
20
18.0134265
-67.1837438
19
18.0130184
-67.1838725
20
18.0126511
-67.1842159
20
18.0122430
-67.1845163
20
18.0117124
-67.1849454
21
18.0114676
-67.1852029
20
18.0114676
-67.1856029
21
18.0117124
-67.1853454
21
18.0122430
-67.1849163
21
18.0126511
-67.1846159
21
18.0130184
-67.1842725
20
18.0134265
-67.1841438
19
18.0139979
-67.1838434
19
18.0144060
-67.1836717
20
18.0148550
-67.1836288
19
18.0153447
-67.1835859
20
18.0158344
-67.1834142
20
18.0163650
-67.1833284
20
18.0168547
-67.1832426
20
18.0173852
-67.1831138
19
18.0179566
-67.1831138
20
18.0185279
-67.1829851
20
18.0192217
-67.1829851
19
18.0197523
-67.1830280
19
18.0202828
-67.1830709
19
18.0209358
-67.1830709
19
18.0213030
-67.1830709
19
18.0219152
-67.1831567
19
18.0224049
-67.1832426
18
18.0228130
-67.1832855
18
18.0232211
-67.1834571
18
18.0236292
-67.1837146
19
18.0239965
-67.1838863
18
18.0243230
-67.1840580
19
18.0243230
-67.1844580
18
18.0239965
-67.1842863
19
18.0236292
-67.1841146
19
18.0232211
-67.1838571
19
18.0228130
-67.1836855
18
18.0224049
-67.1836426
19
18.0219152
-67.1835567
19
18.0213030
-67.1834709
18
18.0209358
-67.1834709
19
18.0202828
-67.1834709
19
18.0197523
-67.1834280
19
18.0192217
-67.1833851
20
18.0185279
-67.1833851
20
18.0179566
-67.1835138
20
18.0173852
-67.1835138
20
18.0168547
-67.1836426
20
18.0163650
-67.1837284
20
18.0158344
-67.1838142
20
18.0153447
-67.1839859
20
18.0148550
-67.1840288
20
18.0144060
-67.1840717
20
18.0139979
-67.1842434
21
18.0134265
-67.1845438
20
18.0130184
-67.1846725
21
18.0126511
-67.1850159
21
18.0122430
-67.1853163
21
18.0117124
-67.1857454
21
18.0114676
-67.1860029
21
18.0114676
-67.1864029
21
18.0117124
-67.1861454
21
18.0122430
-67.1857163
21
18.0126511
-67.1854159
21
18.0130184
-67.1850725
20
18.0134265
-67.1849438
21
18.0139979
-67.1846434
22
18.0144060
-67.1844717
22
18.0148550
-67.1844288
21
18.0153447
-67.1843859
20
18.0158344
-67.1842142
20
18.0163650
-67.1841284
20
18.0168547
-67.1840426
20
18.0173852
-67.1839138
20
18.0179566
-67.1839138
20
18.0185279
-67.1837851
20
18.0192217
-67.1837851
19
18.0197523
-67.1838280
20
18.0202828
-67.1838709
19
18.0209358
-67.1838709
19
18.0213030
-67.1838709
18
18.0219152
-67.1839567
18
18.0224049
-67.1840426
19
18.0228130
-67.1840855
19
18.0232211
-67.1842571
18
18.0236292
-67.1845146
19
18.0239965
-67.1846863
18
18.0243230
-67.1848580
18
18.0243230
-67.1852580
19
18.0239965
-67.1850863
19
18.0236292
-67.1849146
19
18.0232211
-67.1846571
19
18.0228130
-67.1844855
19
18.0224049
-67.1844426
18
18.0219152
-67.1843567
19
18.0213030
-67.1842709
19
18.0209358
-67.1842709
19
18.0202828
-67.1842709
20
18.0197523
-67.1842280
20
18.0192217
-67.1841851
20
18.0185279
-67.1841851
20
18.0179566
-67.1843138
20
18.0173852
-67.1843138
20
18.0168547
-67.1844426
21
18.0163650
-67.1845284
21
18.0158344
-67.1846142
20
18.0153447
-67.1847859
21
18.0148550
-67.1848288
22
18.0144060
-67.1848717
22
18.0139979
-67.1850434
22
18.0134265
-67.1853438
21
18.0130184
-67.1854725
21
18.0126511
-67.1858159
22
18.0122430
-67.1861163
22
18.0117124
-67.1865454
21
18.0114676
-67.1868029
22
18.0114676
-67.1872029
22
18.0117124
-67.1869454
22
18.0122430
-67.1865163
22
18.0126511
-67.1862159
22
18.0130184
-67.1858725
22
18.0134265
-67.1857438
22
18.0139979
-67.1854434
22
18.0144060
-67.1852717
22
18.0148550
-67.1852288
22
18.0153447
-67.1851859
22
18.0158344
-67.1850142
21
18.0163650
-67.1849284
21
18.0168547
-67.1848426
21
18.0173852
-67.1847138
21
18.0179566
-67.1847138
21
18.0185279
-67.1845851
20
18.0192217
-67.1845851
20
18.0197523
-67.1846280
20
18.0202828
-67.1846709
20
18.0209358
-67.1846709
19
18.0213030
-67.1846709
19
18.0219152
-67.1847567
19
18.0224049
-67.1848426
19
18.0228130
-67.1848855
19
18.0232211
-67.1850571
19
18.0236292
-67.1853146
20
18.0239965
-67.1854863
20
18.0243230
-67.1856580
20
18.0243230
-67.1860580
21
18.0239965
-67.1858863
20
18.0236292
-67.1857146
19
18.0232211
-67.1854571
20
18.0228130
-67.1852855
20
18.0224049
-67.1852426
20
18.0219152
-67.1851567
20
18.0213030
-67.1850709
19
18.0209358
-67.1850709
20
18.0202828
-67.1850709
20
18.0197523
-67.1850280
20
18.0192217
-67.1849851
20
18.0185279
-67.1849851
21
18.0179566
-67.1851138
21
18.0173852
-67.1851138
21
18.0168547
-67.1852426
21
18.0163650
-67.1853284
21
18.0158344
-67.1854142
22
18.0153447
-67.1855859
22
18.0148550
-67.1856288
22
18.0144060
-67.1856717
22
18.0139979
-67.1858434
23
18.0134265
-67.1861438
23
18.0130184
-67.1862725
22
18.0126511
-67.1866159
23
18.0122430
-67.1869163
23
18.0117124
-67.1873454
23
18.0114676
-67.1876029
23
18.0114676
-67.1880029
23
18.0117124
-67.1877454
24
18.0122430
-67.1873163
23
18.0126511
-67.1870159
23
18.0130184
-67.1866725
23
18.0134265
-67.1865438
23
18.0139979
-67.1862434
23
18.0144060
-67.1860717
23
18.0148550
-67.1860288
23
18.0153447
-67.1859859
22
18.0158344
-67.1858142
22
18.0163650
-67.1857284
22
18.0168547
-67.1856426
22
18.0173852
-67.1855138
21
18.0179566
-67.1855138
21
18.0185279
-67.1853851
21
18.0192217
-67.1853851
20
18.0197523
-67.1854280
20
18.0202828
-67.1854709
20
18.0209358
-67.1854709
20
18.0213030
-67.1854709
20
18.0219152
-67.1855567
20
18.0224049
-67.1856426
20
18.0228130
-67.1856855
20
18.0232211
-67.1858571
20
18.0236292
-67.1861146
20
18.0239965
-67.1862863
21
18.0243230
-67.1864580
21
18.0243230
-67.1868580
21
18.0239965
-67.1866863
21
18.0236292
-67.1865146
21
18.0232211
-67.1862571
21
18.0228130
-67.1860855
21
18.0224049
-67.1860426
21
18.0219152
-67.1859567
21
18.0213030
-67.1858709
20
18.0209358
-67.1858709
20
18.0202828
-67.1858709
21
18.0197523
-67.1858280
21
18.0192217
-67.1857851
21
18.0185279
-67.1857851
21
18.0179566
-67.1859138
22
18.0173852
-67.1859138
22
18.0168547
-67.1860426
22
18.0163650
-67.1861284
22
18.0158344
-67.1862142
23
18.0153447
-67.1863859
23
18.0148550
-67.1864288
23
18.0144060
-67.1864717
23
18.0139979
-67.1866434
23
18.0134265
-67.1869438
23
18.0130184
-67.1870725
23
18.0126511
-67.1874159
23
18.0122430
-67.1877163
24
18.0117124
-67.1881454
24
18.0114676
-67.1884029
24
18.0114676
-67.1888029
24
18.0117124
-67.1885454
24
18.0122430
-67.1881163
24
18.0126511
-67.1878159
24
18.0130184
-67.1874725
23
18.0134265
-67.1873438
23
18.0139979
-67.1870434
23
18.0144060
-67.1868717
23
18.0148550
-67.1868288
23
18.0153447
-67.1867859
23
18.0158344
-67.1866142
23
18.0163650
-67.1865284
23
18.0168547
-67.1864426
23
18.0173852
-67.1863138
22
18.0179566
-67.1863138
22
18.0185279
-67.1861851
22
18.0192217
-67.1861851
22
18.0197523
-67.1862280
21
18.0202828
-67.1862709
21
18.0209358
-67.1862709
21
18.0213030
-67.1862709
21
18.0219152
-67.1863567
21
18.0224049
-67.1864426
21
18.0228130
-67.1864855
21
18.0232211
-67.1866571
21
18.0236292
-67.1869146
21
18.0239965
-67.1870863
21
18.0243230
-67.1872580
21
18.0243230
-67.1876580
21
18.0239965
-67.1874863
21
18.0236292
-67.1873146
21
18.0232211
-67.1870571
21
18.0228130
-67.1868855
21
18.0224049
-67.1868426
21
18.0219152
-67.1867567
21
18.0213030
-67.1866709
21
18.0209358
-67.1866709
21
18.0202828
-67.1866709
21
18.0197523
-67.1866280
22
18.0192217
-67.1865851
22
18.0185279
-67.1865851
22
18.0179566
-67.1867138
22
18.0173852
-67.1867138
23
18.0168547
-67.1868426
23
18.0163650
-67.1869284
23
18.0158344
-67.1870142
23
18.0153447
-67.1871859
23
18.0148550
-67.1872288
23
18.0144060
-67.1872717
23
18.0139979
-67.1874434
23
18.0134265
-67.1877438
24
18.0130184
-67.1878725
24
18.0126511
-67.1882159
24
18.0122430
-67.1885163
24
18.0117124
-67.1889454
24
18.0114676
-67.1892029
24
18.0114676
-67.1896029
24
18.0117124
-67.1893454
24
18.0122430
-67.1889163
25
18.0126511
-67.1886159
24
18.0130184
-67.1882725
24
18.0134265
-67.1881438
24
18.0139979
-67.1878434
24
18.0144060
-67.1876717
24
18.0148550
-67.1876288
24
18.0153447
-67.1875859
24
18.0158344
-67.1874142
24
18.0163650
-67.1873284
23
18.0168547
-67.1872426
23
18.0173852
-67.1871138
23
18.0179566
-67.1871138
23
18.0185279
-67.1869851
22
18.0192217
-67.1869851
22
18.0197523
-67.1870280
22
18.0202828
-67.1870709
22
18.0209358
-67.1870709
22
18.0213030
-67.1870709
22
18.0219152
-67.1871567
22
18.0224049
-67.1872426
22
18.0228130
-67.1872855
22
18.0232211
-67.1874571
22
18.0236292
-67.1877146
22
18.0239965
-67.1878863
22
18.0243230
-67.1880580
21
18.0243230
-67.1884580
21
18.0239965
-67.1882863
22
18.0236292
-67.1881146
22
18.0232211
-67.1878571
22
18.0228130
-67.1876855
22
18.0224049
-67.1876426
22
18.0219152
-67.1875567
22
18.0213030
-67.1874709
22
18.0209358
-67.1874709
22
18.0202828
-67.1874709
22
18.0197523
-67.1874280
22
18.0192217
-67.1873851
22
18.0185279
-67.1873851
23
18.0179566
-67.1875138
23
18.0173852
-67.1875138
23
18.0168547
-67.1876426
24
18.0163650
-67.1877284
24
18.0158344
-67.1878142
24
18.0153447
-67.1879859
24
18.0148550
-67.1880288
24
18.0144060
-67.1880717
24
18.0139979
-67.1882434
24
18.0134265
-67.1885438
25
18.0130184
-67.1886725
24
18.0126511
-67.1890159
24
18.0122430
-67.1893163
25
18.0117124
-67.1897454
24
18.0114676
-67.1900029
25
18.0114676
-67.1904029
25
18.0117124
-67.1901454
25
18.0122430
-67.1897163
25
18.0126511
-67.1894159
25
18.0130184
-67.1890725
25
18.0134265
-67.1889438
25
18.0139979
-67.1886434
24
18.0144060
-67.1884717
24
18.0148550
-67.1884288
24
18.0153447
-67.1883859
24
18.0158344
-67.1882142
24
18.0163650
-67.1881284
24
18.0168547
-67.1880426
24
18.0173852
-67.1879138
24
18.0179566
-67.1879138
23
18.0185279
-67.1877851
23
18.0192217
-67.1877851
22
18.0197523
-67.1878280
23
18.0202828
-67.1878709
23
18.0209358
-67.1878709
22
18.0213030
-67.1878709
22
18.0219152
-67.1879567
22
18.0224049
-67.1880426
22
18.0228130
-67.1880855
22
18.0232211
-67.1882571
22
18.0236292
-67.1885146
22
18.0239965
-67.1886863
23
18.0243230
-67.1888580
23
18.0243230
-67.1892580
24
18.0239965
-67.1890863
24
18.0236292
-67.1889146
24
18.0232211
-67.1886571
23
18.0228130
-67.1884855
23
18.0224049
-67.1884426
23
18.0219152
-67.1883567
23
18.0213030
-67.1882709
23
18.0209358
-67.1882709
23
18.0202828
-67.1882709
23
18.0197523
-67.1882280
23
18.0192217
-67.1881851
23
18.0185279
-67.1881851
23
18.0179566
-67.1883138
24
18.0173852
-67.1883138
24
18.0168547
-67.1884426
24
18.0163650
-67.1885284
24
18.0158344
-67.1886142
25
18.0153447
-67.1887859
25
18.0148550
-67.1888288
24
18.0144060
-67.1888717
24
18.0139979
-67.1890434
24
18.0134265
-67.1893438
25
18.0130184
-67.1894725
25
18.0126511
-67.1898159
25
18.0122430
-67.1901163
25
18.0117124
-67.1905454
25
18.0114676
-67.1908029
25
18.0114676
-67.1912029
25
18.0117124
-67.1909454
25
18.0122430
-67.1905163
25
18.0126511
-67.1902159
25
18.0130184
-67.1898725
25
18.0134265
-67.1897438
24
18.0139979
-67.1894434
25
18.0144060
-67.1892717
24
18.0148550
-67.1892288
25
18.0153447
-67.1891859
25
18.0158344
-67.1890142
25
18.0163650
-67.1889284
25
18.0168547
-67.1888426
24
18.0173852
-67.1887138
24
18.0179566
-67.1887138
24
18.0185279
-67.1885851
24
18.0192217
-67.1885851
24
18.0197523
-67.1886280
23
18.0202828
-67.1886709
23
18.0209358
-67.1886709
22
18.0213030
-67.1886709
23
18.0219152
-67.1887567
23
18.0224049
-67.1888426
23
18.0228130
-67.1888855
23
18.0232211
-67.1890571
24
18.0236292
-67.1893146
24
18.0239965
-67.1894863
24
18.0243230
-67.1896580
24
18.0243230
-67.1900580
25
18.0239965
-67.1898863
24
18.0236292
-67.1897146
24
18.0232211
-67.1894571
24
18.0228130
-67.1892855
24
18.0224049
-67.1892426
24
18.0219152
-67.1891567
24
18.0213030
-67.1890709
24
18.0209358
-67.1890709
24
18.0202828
-67.1890709
24
18.0197523
-67.1890280
24
18.0192217
-67.1889851
24
18.0185279
-67.1889851
24
18.0179566
-67.1891138
24
18.0173852
-67.1891138
24
18.0168547
-67.1892426
25
18.0163650
-67.1893284
25
18.0158344
-67.1894142
25
18.0153447
-67.1895859
25
18.0148550
-67.1896288
25
18.0144060
-67.1896717
25
18.0139979
-67.1898434
25
18.0134265
-67.1901438
24
18.0130184
-67.1902725
25
18.0126511
-67.1906159
25
18.0122430
-67.1909163
25
18.0117124
-67.1913454
25
18.0114676
-67.1916029
24
18.0114676
-67.1920029
23
18.0117124
-67.1917454
24
18.0122430
-67.1913163
25
18.0126511
-67.1910159
25
18.0130184
-67.1906725
25
18.0134265
-67.1905438
25
18.0139979
-67.1902434
25
18.0144060
-67.1900717
25
18.0148550
-67.1900288
25
18.0153447
-67.1899859
25
18.0158344
-67.1898142
25
18.0163650
-67.1897284
25
18.0168547
-67.1896426
25
18.0173852
-67.1895138
25
18.0179566
-67.1895138
25
18.0185279
-67.1893851
24
18.0192217
-67.1893851
24
18.0197523
-67.1894280
24
18.0202828
-67.1894709
24
18.0209358
-67.1894709
24
18.0213030
-67.1894709
24
18.0219152
-67.1895567
24
18.0224049
-67.1896426
24
18.0228130
-67.1896855
24
18.0232211
-67.1898571
24
18.0236292
-67.1901146
25
18.0239965
-67.1902863
25
18.0243230
-67.1904580
25
18.0243230
-67.1908580
25
18.0239965
-67.1906863
25
18.0236292
-67.1905146
25
18.0232211
-67.1902571
25
18.0228130
-67.1900855
24
18.0224049
-67.1900426
25
18.0219152
-67.1899567
25
18.0213030
-67.1898709
24
18.0209358
-67.1898709
24
18.0202828
-67.1898709
24
18.0197523
-67.1898280
24
18.0192217
-67.1897851
24
18.0185279
-67.1897851
25
18.0179566
-67.1899138
25
18.0173852
-67.1899138
25
18.0168547
-67.1900426
25
18.0163650
-67.1901284
25
18.0158344
-67.1902142
25
18.0153447
-67.1903859
25
18.0148550
-67.1904288
25
18.0144060
-67.1904717
25
18.0139979
-67.1906434
25
18.0134265
-67.1909438
25
18.0130184
-67.1910725
25
18.0126511
-67.1914159
25
18.0122430
-67.1917163
22
18.0117124
-67.1921454
21
18.0114676
-67.1924029
21
18.0114676
-67.1928029
19
18.0117124
-67.1925454
18
18.0122430
-67.1921163
16
18.0126511
-67.1918159
22
18.0130184
-67.1914725
25
18.0134265
-67.1913438
25
18.0139979
-67.1910434
25
18.0144060
-67.1908717
25
18.0148550
-67.1908288
25
18.0153447
-67.1907859
25
18.0158344
-67.1906142
25
18.0163650
-67.1905284
25
18.0168547
-67.1904426
25
18.0173852
-67.1903138
25
18.0179566
-67.1903138
25
18.0185279
-67.1901851
25
18.0192217
-67.1901851
24
18.0197523
-67.1902280
24
18.0202828
-67.1902709
24
18.0209358
-67.1902709
24
18.0213030
-67.1902709
24
18.0219152
-67.1903567
25
18.0224049
-67.1904426
25
18.0228130
-67.1904855
25
18.0232211
-67.1906571
25
18.0236292
-67.1909146
25
18.0239965
-67.1910863
25
18.0243230
-67.1912580
25
18.0243230
-67.1916580
25
18.0239965
-67.1914863
25
18.0236292
-67.1913146
25
18.0232211
-67.1910571
25
18.0228130
-67.1908855
25
18.0224049
-67.1908426
25
18.0219152
-67.1907567
25
18.0213030
-67.1906709
24
18.0209358
-67.1906709
24
18.0202828
-67.1906709
24
18.0197523
-67.1906280
25
18.0192217
-67.1905851
25
18.0185279
-67.1905851
25
18.0179566
-67.1907138
25
18.0173852
-67.1907138
25
18.0168547
-67.1908426
25
18.0163650
-67.1909284
25
18.0158344
-67.1910142
25
18.0153447
-67.1911859
25
18.0148550
-67.1912288
25
18.0144060
-67.1912717
25
18.0139979
-67.1914434
25
18.0134265
-67.1917438
25
18.0130184
-67.1918725
25
18.0126511
-67.1922159
16
18.0122430
-67.1925163
15
18.0117124
-67.1929454
16
18.0114676
-67.1932029
21
18.0114676
-67.1936029
23
18.0117124
-67.1933454
21
18.0122430
-67.1929163
16
18.0126511
-67.1926159
13
18.0130184
-67.1922725
19
18.0134265
-67.1921438
22
18.0139979
-67.1918434
24
18.0144060
-67.1916717
25
18.0148550
-67.1916288
25
18.0153447
-67.1915859
25
18.0158344
-67.1914142
25
18.0163650
-67.1913284
25
18.0168547
-67.1912426
25
18.0173852
-67.1911138
25
18.0179566
-67.1911138
25
18.0185279
-67.1909851
25
18.0192217
-67.1909851
25
18.0197523
-67.1910280
25
18.0202828
-67.1910709
25
18.0209358
-67.1910709
25
18.0213030
-67.1910709
25
18.0219152
-67.1911567
25
18.0224049
-67.1912426
25
18.0228130
-67.1912855
25
18.0232211
-67.1914571
25
18.0236292
-67.1917146
25
18.0239965
-67.1918863
25
18.0243230
-67.1920580
25
18.0243230
-67.1924580
26
18.0239965
-67.1922863
25
18.0236292
-67.1921146
25
18.0232211
-67.1918571
25
18.0228130
-67.1916855
25
18.0224049
-67.1916426
25
18.0219152
-67.1915567
25
18.0213030
-67.1914709
25
18.0209358
-67.1914709
25
18.0202828
-67.1914709
25
18.0197523
-67.1914280
25
18.0192217
-67.1913851
25
18.0185279
-67.1913851
25
18.0179566
-67.1915138
25
18.0173852
-67.1915138
25
18.0168547
-67.1916426
25
18.0163650
-67.1917284
25
18.0158344
-67.1918142
23
18.0153447
-67.1919859
24
18.0148550
-67.1920288
23
18.0144060
-67.1920717
23
18.0139979
-67.1922434
21
18.0134265
-67.1925438
20
18.0130184
-67.1926725
16
18.0126511
-67.1930159
20
18.0122430
-67.1933163
21
18.0117124
-67.1937454
23
18.0114676
-67.1940029
23
18.0114676
-67.1944029
25
18.0117124
-67.1941454
24
18.0122430
-67.1937163
24
18.0126511
-67.1934159
25
18.0130184
-67.1930725
22
18.0134265
-67.1929438
20
18.0139979
-67.1926434
20
18.0144060
-67.1924717
22
18.0148550
-67.1924288
22
18.0153447
-67.1923859
22
18.0158344
-67.1922142
22
18.0163650
-67.1921284
23
18.0168547
-67.1920426
25
18.0173852
-67.1919138
25
18.0179566
-67.1919138
25
18.0185279
-67.1917851
25
18.0192217
-67.1917851
25
18.0197523
-67.1918280
25
18.0202828
-67.1918709
25
18.0209358
-67.1918709
25
18.0213030
-67.1918709
25
18.0219152
-67.1919567
25
18.0224049
-67.1920426
25
18.0228130
-67.1920855
25
18.0232211
-67.1922571
25
18.0236292
-67.1925146
25
18.0239965
-67.1926863
26
18.0243230
-67.1928580
26
18.0243230
-67.1932580
26
18.0239965
-67.1930863
26
18.0236292
-67.1929146
26
18.0232211
-67.1926571
26
18.0228130
-67.1924855
25
18.0224049
-67.1924426
25
18.0219152
-67.1923567
25
18.0213030
-67.1922709
25
18.0209358
-67.1922709
25
18.0202828
-67.1922709
25
18.0197523
-67.1922280
25
18.0192217
-67.1921851
25
18.0185279
-67.1921851
25
18.0179566
-67.1923138
25
18.0173852
-67.1923138
25
18.0168547
-67.1924426
24
18.0163650
-67.1925284
22
18.0158344
-67.1926142
22
18.0153447
-67.1927859
22
18.0148550
-67.1928288
22
18.0144060
-67.1928717
22
18.0139979
-67.1930434
21
18.0134265
-67.1933438
23
18.0130184
-67.1934725
26
18.0126511
-67.1938159
26
18.0122430
-67.1941163
25
18.0117124
-67.1945454
26
18.0114676
-67.1948029
26
18.0114676
-67.1952029
26
18.0117124
-67.1949454
26
18.0122430
-67.1945163
26
18.0126511
-67.1942159
26
18.0130184
-67.1938725
26
18.0134265
-67.1937438
25
18.0139979
-67.1934434
23
18.0144060
-67.1932717
25
18.0148550
-67.1932288
24
18.0153447
-67.1931859
24
18.0158344
-67.1930142
22
18.0163650
-67.1929284
22
18.0168547
-67.1928426
22
18.0173852
-67.1927138
24
18.0179566
-67.1927138
24
18.0185279
-67.1925851
25
18.0192217
-67.1925851
25
18.0197523
-67.1926280
23
18.0202828
-67.1926709
25
18.0209358
-67.1926709
26
18.0213030
-67.1926709
25
18.0219152
-67.1927567
25
18.0224049
-67.1928426
26
18.0228130
-67.1928855
26
18.0232211
-67.1930571
26
18.0236292
-67.1933146
26
18.0239965
-67.1934863
26
18.0243230
-67.1936580
26
18.0243230
-67.1940580
26
18.0239965
-67.1938863
26
18.0236292
-67.1937146
26
18.0232211
-67.1934571
26
18.0228130
-67.1932855
26
18.0224049
-67.1932426
26
18.0219152
-67.1931567
25
18.0213030
-67.1930709
26
18.0209358
-67.1930709
26
18.0202828
-67.1930709
24
18.0197523
-67.1930280
22
18.0192217
-67.1929851
23
18.0185279
-67.1929851
23
18.0179566
-67.1931138
23
18.0173852
-67.1931138
22
18.0168547
-67.1932426
22
18.0163650
-67.1933284
22
18.0158344
-67.1934142
24
18.0153447
-67.1935859
28
18.0148550
-67.1936288
28
18.0144060
-67.1936717
27
18.0139979
-67.1938434
26
18.0134265
-67.1941438
27
18.0130184
-67.1942725
26
18.0126511
-67.1946159
26
18.0122430
-67.1949163
26
18.0117124
-67.1953454
26
18.0114676
-67.1956029
26
18.0114676
-67.1960029
26
18.0117124
-67.1957454
26
18.0122430
-67.1953163
26
18.0126511
-67.1950159
26
18.0130184
-67.1946725
26
18.0134265
-67.1945438
27
18.0139979
-67.1942434
27
18.0144060
-67.1940717
27
18.0148550
-67.1940288
28
18.0153447
-67.1939859
28
18.0158344
-67.1938142
28
18.0163650
-67.1937284
24
18.0168547
-67.1936426
23
18.0173852
-67.1935138
22
18.0179566
-67.1935138
23
18.0185279
-67.1933851
22
18.0192217
-67.1933851
22
18.0197523
-67.1934280
22
18.0202828
-67.1934709
23
18.0209358
-67.1934709
24
18.0213030
-67.1934709
24
18.0219152
-67.1935567
25
18.0224049
-67.1936426
26
18.0228130
-67.1936855
26
18.0232211
-67.1938571
26
18.0236292
-67.1941146
26
18.0239965
-67.1942863
27
18.0243230
-67.1944580
27
18.0243230
-67.1948580
27
18.0239965
-67.1946863
27
18.0236292
-67.1945146
27
18.0232211
-67.1942571
27
18.0228130
-67.1940855
26
18.0224049
-67.1940426
26
18.0219152
-67.1939567
25
18.0213030
-67.1938709
23
18.0209358
-67.1938709
23
18.0202828
-67.1938709
23
18.0197523
-67.1938280
22
18.0192217
-67.1937851
23
18.0185279
-67.1937851
24
18.0179566
-67.1939138
25
18.0173852
-67.1939138
26
18.0168547
-67.1940426
27
18.0163650
-67.1941284
27
18.0158344
-67.1942142
28
18.0153447
-67.1943859
28
18.0148550
-67.1944288
28
18.0144060
-67.1944717
28
18.0139979
-67.1946434
27
18.0134265
-67.1949438
27
18.0130184
-67.1950725
27
18.0126511
-67.1954159
27
18.0122430
-67.1957163
27
18.0117124
-67.1961454
27
18.0114676
-67.1964029
27
18.0114676
-67.1968029
28
18.0117124
-67.1965454
28
18.0122430
-67.1961163
28
18.0126511
-67.1958159
28
18.0130184
-67.1954725
28
18.0134265
-67.1953438
28
18.0139979
-67.1950434
27
18.0144060
-67.1948717
28
18.0148550
-67.1948288
28
18.0153447
-67.1947859
28
18.0158344
-67.1946142
28
18.0163650
-67.1945284
28
18.0168547
-67.1944426
27
18.0173852
-67.1943138
27
18.0179566
-67.1943138
27
18.0185279
-67.1941851
27
18.0192217
-67.1941851
26
18.0197523
-67.1942280
26
18.0202828
-67.1942709
26
18.0209358
-67.1942709
26
18.0213030
-67.1942709
25
18.0219152
-67.1943567
26
18.0224049
-67.1944426
27
18.0228130
-67.1944855
28
18.0232211
-67.1946571
28
18.0236292
-67.1949146
27
18.0239965
-67.1950863
27
18.0243230
-67.1952580
27
18.0243230
-67.1956580
28
18.0239965
-67.1954863
28
18.0236292
-67.1953146
27
18.0232211
-67.1950571
28
18.0228130
-67.1948855
28
18.0224049
-67.1948426
28
18.0219152
-67.1947567
28
18.0213030
-67.1946709
27
18.0209358
-67.1946709
27
18.0202828
-67.1946709
27
18.0197523
-67.1946280
27
18.0192217
-67.1945851
27
18.0185279
-67.1945851
27
18.0179566
-67.1947138
27
18.0173852
-67.1947138
27
18.0168547
-67.1948426
27
18.0163650
-67.1949284
28
18.0158344
-67.1950142
28
18.0153447
-67.1951859
28
18.0148550
-67.1952288
28
18.0144060
-67.1952717
28
18.0139979
-67.1954434
28
18.0134265
-67.1957438
28
18.0130184
-67.1958725
28
18.0126511
-67.1962159
28
18.0122430
-67.1965163
28
18.0117124
-67.1969454
28
18.0114676
-67.1972029
28
18.0114676
-67.1976029
28
18.0117124
-67.1973454
28
18.0122430
-67.1969163
28
18.0126511
-67.1966159
28
18.0130184
-67.1962725
28
18.0134265
-67.1961438
28
18.0139979
-67.1958434
28
18.0144060
-67.1956717
28
18.0148550
-67.1956288
28
18.0153447
-67.1955859
28
18.0158344
-67.1954142
28
18.0163650
-67.1953284
28
18.0168547
-67.1952426
28
18.0173852
-67.1951138
27
18.0179566
-67.1951138
27
18.0185279
-67.1949851
27
18.0192217
-67.1949851
27
18.0197523
-67.1950280
27
18.0202828
-67.1950709
27
18.0209358
-67.1950709
27
18.0213030
-67.1950709
28
18.0219152
-67.1951567
28
18.0224049
-67.1952426
28
18.0228130
-67.1952855
28
18.0232211
-67.1954571
28
18.0236292
-67.1957146
28
18.0239965
-67.1958863
28
18.0243230
-67.1960580
28
18.0243230
-67.1964580
28
18.0239965
-67.1962863
28
18.0236292
-67.1961146
28
18.0232211
-67.1958571
28
18.0228130
-67.1956855
28
18.0224049
-67.1956426
28
18.0219152
-67.1955567
28
18.0213030
-67.1954709
28
18.0209358
-67.1954709
28
18.0202828
-67.1954709
28
18.0197523
-67.1954280
27
18.0192217
-67.1953851
27
18.0185279
-67.1953851
27
18.0179566
-67.1955138
27
18.0173852
-67.1955138
27
18.0168547
-67.1956426
28
18.0163650
-67.1957284
28
18.0158344
-67.1958142
28
18.0153447
-67.1959859
28
18.0148550
-67.1960288
28
18.0144060
-67.1960717
28
18.0139979
-67.1962434
28
18.0134265
-67.1965438
28
18.0130184
-67.1966725
28
18.0126511
-67.1970159
28
18.0122430
-67.1973163
28
18.0117124
-67.1977454
28
18.0114676
-67.1980029
28
18.0114676
-67.1984029
28
18.0117124
-67.1981454
28
18.0122430
-67.1977163
28
18.0126511
-67.1974159
28
18.0130184
-67.1970725
28
18.0134265
-67.1969438
28
18.0139979
-67.1966434
28
18.0144060
-67.1964717
29
18.0148550
-67.1964288
29
18.0153447
-67.1963859
29
18.0158344
-67.1962142
28
18.0163650
-67.1961284
28
18.0168547
-67.1960426
28
18.0173852
-67.1959138
28
18.0179566
-67.1959138
28
18.0185279
-67.1957851
28
18.0192217
-67.1957851
28
18.0197523
-67.1958280
28
18.0202828
-67.1958709
28
18.0209358
-67.1958709
28
18.0213030
-67.1958709
28
18.0219152
-67.1959567
28
18.0224049
-67.1960426
28
18.0228130
-67.1960855
28
18.0232211
-67.1962571
28
18.0236292
-67.1965146
28
18.0239965
-67.1966863
28
18.0243230
-67.1968580
28
18.0243230
-67.1972580
29
18.0239965
-67.1970863
28
18.0236292
-67.1969146
28
18.0232211
-67.1966571
28
18.0228130
-67.1964855
28
18.0224049
-67.1964426
28
18.0219152
-67.1963567
28
18.0213030
-67.1962709
28
18.0209358
-67.1962709
28
18.0202828
-67.1962709
28
18.0197523
-67.1962280
28
18.0192217
-67.1961851
28
18.0185279
-67.1961851
28
18.0179566
-67.1963138
28
18.0173852
-67.1963138
28
18.0168547
-67.1964426
28
18.0163650
-67.1965284
28
18.0158344
-67.1966142
28
18.0153447
-67.1967859
29
18.0148550
-67.1968288
29
18.0144060
-67.1968717
29
18.0139979
-67.1970434
29
18.0134265
-67.1973438
29
18.0130184
-67.1974725
28
18.0126511
-67.1978159
28
18.0122430
-67.1981163
28
18.0117124
-67.1985454
28
18.0114676
-67.1988029
29
18.0114676
-67.1992029
29
18.0117124
-67.1989454
29
18.0122430
-67.1985163
29
18.0126511
-67.1982159
29
18.0130184
-67.1978725
29
18.0134265
-67.1977438
29
18.0139979
-67.1974434
29
18.0144060
-67.1972717
29
18.0148550
-67.1972288
29
18.0153447
-67.1971859
29
18.0158344
-67.1970142
29
18.0163650
-67.1969284
29
18.0168547
-67.1968426
28
18.0173852
-67.1967138
28
18.0179566
-67.1967138
28
18.0185279
-67.1965851
28
18.0192217
-67.1965851
28
18.0197523
-67.1966280
28
18.0202828
-67.1966709
28
18.0209358
-67.1966709
28
18.0213030
-67.1966709
28
18.0219152
-67.1967567
28
18.0224049
-67.1968426
28
18.0228130
-67.1968855
28
18.0232211
-67.1970571
28
18.0236292
-67.1973146
29
18.0239965
-67.1974863
29
18.0243230
-67.1976580
30
18.0243230
-67.1980580
30
18.0239965
-67.1978863
30
18.0236292
-67.1977146
29
18.0232211
-67.1974571
29
18.0228130
-67.1972855
29
18.0224049
-67.1972426
29
18.0219152
-67.1971567
28
18.0213030
-67.1970709
28
18.0209358
-67.1970709
28
18.0202828
-67.1970709
28
18.0197523
-67.1970280
28
18.0192217
-67.1969851
28
18.0185279
-67.1969851
28
18.0179566
-67.1971138
28
18.0173852
-67.1971138
28
18.0168547
-67.1972426
29
18.0163650
-67.1973284
29
18.0158344
-67.1974142
29
18.0153447
-67.1975859
29
18.0148550
-67.1976288
29
18.0144060
-67.1976717
29
18.0139979
-67.1978434
29
18.0134265
-67.1981438
29
18.0130184
-67.1982725
29
18.0126511
-67.1986159
29
18.0122430
-67.1989163
29
18.0117124
-67.1993454
29
18.0114676
-67.1996029
29
18.0114676
-67.2000029
29
18.0117124
-67.1997454
29
18.0122430
-67.1993163
29
18.0126511
-67.1990159
29
18.0130184
-67.1986725
29
18.0134265
-67.1985438
29
18.0139979
-67.1982434
29
18.0144060
-67.1980717
29
18.0148550
-67.1980288
29
18.0153447
-67.1979859
29
18.0158344
-67.1978142
29
18.0163650
-67.1977284
29
18.0168547
-67.1976426
29
18.0173852
-67.1975138
28
18.0179566
-67.1975138
28
18.0185279
-67.1973851
28
18.0192217
-67.1973851
28
18.0197523
-67.1974280
28
18.0202828
-67.1974709
28
18.0209358
-67.1974709
29
18.0213030
-67.1974709
29
18.0219152
-67.1975567
29
18.0224049
-67.1976426
29
18.0228130
-67.1976855
29
18.0232211
-67.1978571
29
18.0236292
-67.1981146
29
18.0239965
-67.1982863
30
18.0243230
-67.1984580
30
18.0243230
-67.1988580
30
18.0239965
-67.1986863
30
18.0236292
-67.1985146
30
18.0232211
-67.1982571
29
18.0228130
-67.1980855
29
18.0224049
-67.1980426
29
18.0219152
-67.1979567
29
18.0213030
-67.1978709
29
18.0209358
-67.1978709
29
18.0202828
-67.1978709
29
18.0197523
-67.1978280
28
18.0192217
-67.1977851
28
18.0185279
-67.1977851
28
18.0179566
-67.1979138
28
18.0173852
-67.1979138
30
18.0168547
-67.1980426
30
18.0163650
-67.1981284
29
18.0158344
-67.1982142
29
18.0153447
-67.1983859
29
18.0148550
-67.1984288
29
18.0144060
-67.1984717
29
18.0139979
-67.1986434
29
18.0134265
-67.1989438
29
18.0130184
-67.1990725
29
18.0126511
-67.1994159
29
18.0122430
-67.1997163
29
18.0117124
-67.2001454
29
18.0114676
-67.2004029
29
18.0114676
-67.2008029
29
18.0117124
-67.2005454
29
18.0122430
-67.2001163
30
18.0126511
-67.1998159
30
18.0130184
-67.1994725
30
18.0134265
-67.1993438
29
18.0139979
-67.1990434
29
18.0144060
-67.1988717
29
18.0148550
-67.1988288
29
18.0153447
-67.1987859
29
18.0158344
-67.1986142
29
18.0163650
-67.1985284
30
18.0168547
-67.1984426
30
18.0173852
-67.1983138
30
18.0179566
-67.1983138
30
18.0185279
-67.1981851
29
18.0192217
-67.1981851
29
18.0197523
-67.1982280
29
18.0202828
-67.1982709
29
18.0209358
-67.1982709
29
18.0213030
-67.1982709
29
18.0219152
-67.1983567
29
18.0224049
-67.1984426
29
18.0228130
-67.1984855
29
18.0232211
-67.1986571
30
18.0236292
-67.1989146
30
18.0239965
-67.1990863
30
18.0243230
-67.1992580
30
18.0243230
-67.1996580
30
18.0239965
-67.1994863
30
18.0236292
-67.1993146
30
18.0232211
-67.1990571
30
18.0228130
-67.1988855
30
18.0224049
-67.1988426
30
18.0219152
-67.1987567
29
18.0213030
-67.1986709
29
18.0209358
-67.1986709
29
18.0202828
-67.1986709
29
18.0197523
-67.1986280
29
18.0192217
-67.1985851
29
18.0185279
-67.1985851
30
18.0179566
-67.1987138
30
18.0173852
-67.1987138
30
18.0168547
-67.1988426
30
18.0163650
-67.1989284
30
18.0158344
-67.1990142
30
18.0153447
-67.1991859
30
18.0148550
-67.1992288
30
18.0144060
-67.1992717
30
18.0139979
-67.1994434
30
18.0134265
-67.1997438
30
18.0130184
-67.1998725
30
18.0126511
-67.2002159
30
18.0122430
-67.2005163
30
18.0117124
-67.2009454
30
18.0114676
-67.2012029
30
18.0114676
-67.2016029
30
18.0117124
-67.2013454
30
18.0122430
-67.2009163
30
18.0126511
-67.2006159
30
18.0130184
-67.2002725
30
18.0134265
-67.2001438
30
18.0139979
-67.1998434
30
18.0144060
-67.1996717
30
18.0148550
-67.1996288
30
18.0153447
-67.1995859
30
18.0158344
-67.1994142
31
18.0163650
-67.1993284
31
18.0168547
-67.1992426
31
18.0173852
-67.1991138
30
18.0179566
-67.1991138
30
18.0185279
-67.1989851
30
18.0192217
-67.1989851
30
18.0197523
-67.1990280
29
18.0202828
-67.1990709
29
18.0209358
-67.1990709
29
18.0213030
-67.1990709
30
18.0219152
-67.1991567
30
18.0224049
-67.1992426
30
18.0228130
-67.1992855
30
18.0232211
-67.1994571
30
18.0236292
-67.1997146
30
18.0239965
-67.1998863
30
18.0243230
-67.2000580
30
18.0243230
-67.2004580
30
18.0239965
-67.2002863
30
18.0236292
-67.2001146
30
18.0232211
-67.1998571
30
18.0228130
-67.1996855
30
18.0224049
-67.1996426
30
18.0219152
-67.1995567
30
18.0213030
-67.1994709
30
18.0209358
-67.1994709
30
18.0202828
-67.1994709
30
18.0197523
-67.1994280
30
18.0192217
-67.1993851
30
18.0185279
-67.1993851
30
18.0179566
-67.1995138
30
18.0173852
-67.1995138
30
18.0168547
-67.1996426
31
18.0163650
-67.1997284
31
18.0158344
-67.1998142
31
18.0153447
-67.1999859
31
18.0148550
-67.2000288
30
18.0144060
-67.2000717
30
18.0139979
-67.2002434
30
18.0134265
-67.2005438
30
18.0130184
-67.2006725
30
18.0126511
-67.2010159
30
18.0122430
-67.2013163
30
18.0117124
-67.2017454
30
18.0114676
-67.2020029
30
18.0114676
-67.2024029
31
18.0117124
-67.2021454
31
18.0122430
-67.2017163
30
18.0126511
-67.2014159
30
18.0130184
-67.2010725
30
18.0134265
-67.2009438
30
18.0139979
-67.2006434
30
18.0144060
-67.2004717
31
18.0148550
-67.2004288
31
18.0153447
-67.2003859
31
18.0158344
-67.2002142
31
18.0163650
-67.2001284
31
18.0168547
-67.2000426
31
18.0173852
-67.1999138
30
18.0179566
-67.1999138
30
18.0185279
-67.1997851
30
18.0192217
-67.1997851
30
18.0197523
-67.1998280
31
18.0202828
-67.1998709
30
18.0209358
-67.1998709
30
18.0213030
-67.1998709
30
18.0219152
-67.1999567
30
18.0224049
-67.2000426
30
18.0228130
-67.2000855
30
18.0232211
-67.2002571
30
18.0236292
-67.2005146
30
18.0239965
-67.2006863
31
18.0243230
-67.2008580
31
18.0243230
-67.2012580
31
18.0239965
-67.2010863
31
18.0236292
-67.2009146
31
18.0232211
-67.2006571
31
18.0228130
-67.2004855
30
18.0224049
-67.2004426
31
18.0219152
-67.2003567
30
18.0213030
-67.2002709
30
18.0209358
-67.2002709
30
18.0202828
-67.2002709
31
18.0197523
-67.2002280
31
18.0192217
-67.2001851
31
18.0185279
-67.2001851
30
18.0179566
-67.2003138
30
18.0173852
-67.2003138
30
18.0168547
-67.2004426
31
18.0163650
-67.2005284
31
18.0158344
-67.2006142
31
18.0153447
-67.2007859
31
18.0148550
-67.2008288
31
18.0144060
-67.2008717
31
18.0139979
-67.2010434
31
18.0134265
-67.2013438
30
18.0130184
-67.2014725
30
18.0126511
-67.2018159
30
18.0122430
-67.2021163
30
18.0117124
-67.2025454
31
18.0114676
-67.2028029
31
18.0114676
-67.2032029
31
18.0117124
-67.2029454
31
18.0122430
-67.2025163
31
18.0126511
-67.2022159
31
18.0130184
-67.2018725
31
18.0134265
-67.2017438
31
18.0139979
-67.2014434
31
18.0144060
-67.2012717
31
18.0148550
-67.2012288
31
18.0153447
-67.2011859
31
18.0158344
-67.2010142
31
18.0163650
-67.2009284
31
18.0168547
-67.2008426
31
18.0173852
-67.2007138
30
18.0179566
-67.2007138
30
18.0185279
-67.2005851
31
18.0192217
-67.2005851
31
18.0197523
-67.2006280
31
18.0202828
-67.2006709
31
18.0209358
-67.2006709
31
18.0213030
-67.2006709
31
18.0219152
-67.2007567
31
18.0224049
-67.2008426
31
18.0228130
-67.2008855
31
18.0232211
-67.2010571
31
18.0236292
-67.2013146
31
18.0239965
-67.2014863
31
18.0243230
-67.2016580
31
18.0243230
-67.2020580
31
18.0239965
-67.2018863
31
18.0236292
-67.2017146
31
18.0232211
-67.2014571
31
18.0228130
-67.2012855
31
18.0224049
-67.2012426
31
18.0219152
-67.2011567
31
18.0213030
-67.2010709
31
18.0209358
-67.2010709
31
18.0202828
-67.2010709
31
18.0197523
-67.2010280
31
18.0192217
-67.2009851
31
18.0185279
-67.2009851
31
18.0179566
-67.2011138
31
18.0173852
-67.2011138
31
18.0168547
-67.2012426
31
18.0163650
-67.2013284
31
18.0158344
-67.2014142
31
18.0153447
-67.2015859
31
18.0148550
-67.2016288
31
18.0144060
-67.2016717
31
18.0139979
-67.2018434
31
18.0134265
-67.2021438
31
18.0130184
-67.2022725
31
18.0126511
-67.2026159
31
18.0122430
-67.2029163
31
18.0117124
-67.2033454
31
18.0114676
-67.2036029
32
18.0114676
-67.2040029
32
18.0117124
-67.2037454
32
18.0122430
-67.2033163
33
18.0126511
-67.2030159
33
18.0130184
-67.2026725
32
18.0134265
-67.2025438
32
18.0139979
-67.2022434
32
18.0144060
-67.2020717
32
18.0148550
-67.2020288
33
18.0153447
-67.2019859
33
18.0158344
-67.2018142
33
18.0163650
-67.2017284
32
18.0168547
-67.2016426
32
18.0173852
-67.2015138
31
18.0179566
-67.2015138
31
18.0185279
-67.2013851
31
18.0192217
-67.2013851
31
18.0197523
-67.2014280
31
18.0202828
-67.2014709
31
18.0209358
-67.2014709
31
18.0213030
-67.2014709
31
18.0219152
-67.2015567
31
18.0224049
-67.2016426
31
18.0228130
-67.2016855
31
18.0232211
-67.2018571
31
18.0236292
-67.2021146
32
18.0239965
-67.2022863
32
18.0243230
-67.2024580
32
18.0243230
-67.2028580
32
18.0239965
-67.2026863
32
18.0236292
-67.2025146
32
18.0232211
-67.2022571
32
18.0228130
-67.2020855
32
18.0224049
-67.2020426
32
18.0219152
-67.2019567
32
18.0213030
-67.2018709
32
18.0209358
-67.2018709
32
18.0202828
-67.2018709
31
18.0197523
-67.2018280
31
18.0192217
-67.2017851
31
18.0185279
-67.2017851
31
18.0179566
-67.2019138
31
18.0173852
-67.2019138
31
18.0168547
-67.2020426
33
18.0163650
-67.2021284
33
18.0158344
-67.2022142
33
18.0153447
-67.2023859
33
18.0148550
-67.2024288
33
18.0144060
-67.2024717
33
18.0139979
-67.2026434
33
18.0134265
-67.2029438
33
18.0130184
-67.2030725
33
18.0126511
-67.2034159
33
18.0122430
-67.2037163
33
18.0117124
-67.2041454
32
18.0114676
-67.2044029
32
18.0114676
-67.2048029
32
18.0117124
-67.2045454
32
18.0122430
-67.2041163
33
18.0126511
-67.2038159
33
18.0130184
-67.2034725
33
18.0134265
-67.2033438
33
18.0139979
-67.2030434
33
18.0144060
-67.2028717
33
18.0148550
-67.2028288
33
18.0153447
-67.2027859
33
18.0158344
-67.2026142
33
18.0163650
-67.2025284
33
18.0168547
-67.2024426
33
18.0173852
-67.2023138
31
18.0179566
-67.2023138
31
18.0185279
-67.2021851
31
18.0192217
-67.2021851
31
18.0197523
-67.2022280
32
18.0202828
-67.2022709
32
18.0209358
-67.2022709
32
18.0213030
-67.2022709
32
18.0219152
-67.2023567
32
18.0224049
-67.2024426
32
18.0228130
-67.2024855
32
18.0232211
-67.2026571
32
18.0236292
-67.2029146
32
18.0239965
-67.2030863
32
18.0243230
-67.2032580
32
18.0243230
-67.2036580
32
18.0239965
-67.2034863
32
18.0236292
-67.2033146
32
18.0232211
-67.2030571
32
18.0228130
-67.2028855
32
18.0224049
-67.2028426
32
18.0219152
-67.2027567
32
18.0213030
-67.2026709
32
18.0209358
-67.2026709
32
18.0202828
-67.2026709
33
18.0197523
-67.2026280
33
18.0192217
-67.2025851
31
18.0185279
-67.2025851
31
18.0179566
-67.2027138
31
18.0173852
-67.2027138
31
18.0168547
-67.2028426
33
18.0163650
-67.2029284
33
18.0158344
-67.2030142
33
18.0153447
-67.2031859
33
18.0148550
-67.2032288
33
18.0144060
-67.2032717
33
18.0139979
-67.2034434
33
18.0134265
-67.2037438
33
18.0130184
-67.2038725
33
18.0126511
-67.2042159
33
18.0122430
-67.2045163
33
18.0117124
-67.2049454
32
18.0114676
-67.2052029
33
18.0114676
-67.2056029
33
18.0117124
-67.2053454
33
18.0122430
-67.2049163
32
18.0126511
-67.2046159
33
18.0130184
-67.2042725
33
18.0134265
-67.2041438
33
18.0139979
-67.2038434
33
18.0144060
-67.2036717
33
18.0148550
-67.2036288
33
18.0153447
-67.2035859
33
18.0158344
-67.2034142
33
18.0163650
-67.2033284
33
18.0168547
-67.2032426
32
18.0173852
-67.2031138
31
18.0179566
-67.2031138
31
18.0185279
-67.2029851
31
18.0192217
-67.2029851
33
18.0197523
-67.2030280
33
18.0202828
-67.2030709
33
18.0209358
-67.2030709
33
18.0213030
-67.2030709
33
18.0219152
-67.2031567
32
18.0224049
-67.2032426
32
18.0228130
-67.2032855
32
18.0232211
-67.2034571
32
18.0236292
-67.2037146
32
18.0239965
-67.2038863
32
18.0243230
-67.2040580
32
18.0243230
-67.2044580
32
18.0239965
-67.2042863
32
18.0236292
-67.2041146
32
18.0232211
-67.2038571
32
18.0228130
-67.2036855
32
18.0224049
-67.2036426
32
18.0219152
-67.2035567
32
18.0213030
-67.2034709
32
18.0209358
-67.2034709
32
18.0202828
-67.2034709
33
18.0197523
-67.2034280
33
18.0192217
-67.2033851
33
18.0185279
-67.2033851
32
18.0179566
-67.2035138
31
18.0173852
-67.2035138
31
18.0168547
-67.2036426
32
18.0163650
-67.2037284
32
18.0158344
-67.2038142
33
18.0153447
-67.2039859
33
18.0148550
-67.2040288
34
18.0144060
-67.2040717
34
18.0139979
-67.2042434
34
18.0134265
-67.2045438
33
18.0130184
-67.2046725
33
18.0126511
-67.2050159
33
18.0122430
-67.2053163
32
18.0117124
-67.2057454
33
18.0114676
-67.2060029
33
18.0114676
-67.2064029
33
18.0117124
-67.2061454
33
18.0122430
-67.2057163
33
18.0126511
-67.2054159
32
18.0130184
-67.2050725
33
18.0134265
-67.2049438
33
18.0139979
-67.2046434
34
18.0144060
-67.2044717
34
18.0148550
-67.2044288
34
18.0153447
-67.2043859
34
18.0158344
-67.2042142
34
18.0163650
-67.2041284
32
18.0168547
-67.2040426
32
18.0173852
-67.2039138
31
18.0179566
-67.2039138
31
18.0185279
-67.2037851
31
18.0192217
-67.2037851
32
18.0197523
-67.2038280
32
18.0202828
-67.2038709
32
18.0209358
-67.2038709
32
18.0213030
-67.2038709
33
18.0219152
-67.2039567
32
18.0224049
-67.2040426
32
18.0228130
-67.2040855
32
18.0232211
-67.2042571
32
18.0236292
-67.2045146
32
18.0239965
-67.2046863
32
18.0243230
-67.2048580
32
18.0243230
-67.2052580
32
18.0239965
-67.2050863
32
18.0236292
-67.2049146
32
18.0232211
-67.2046571
32
18.0228130
-67.2044855
32
18.0224049
-67.2044426
32
18.0219152
-67.2043567
32
18.0213030
-67.2042709
32
18.0209358
-67.2042709
32
18.0202828
-67.2042709
32
18.0197523
-67.2042280
32
18.0192217
-67.2041851
32
18.0185279
-67.2041851
31
18.0179566
-67.2043138
31
18.0173852
-67.2043138
31
18.0168547
-67.2044426
32
18.0163650
-67.2045284
32
18.0158344
-67.2046142
32
18.0153447
-67.2047859
34
18.0148550
-67.2048288
34
18.0144060
-67.2048717
34
18.0139979
-67.2050434
34
18.0134265
-67.2053438
33
18.0130184
-67.2054725
32
18.0126511
-67.2058159
33
18.0122430
-67.2061163
34
18.0117124
-67.2065454
33
18.0114676
-67.2068029
34
18.0114676
-67.2072029
35
18.0117124
-67.2069454
34
18.0122430
-67.2065163
34
18.0126511
-67.2062159
33
18.0130184
-67.2058725
32
18.0134265
-67.2057438
29
18.0139979
-67.2054434
34
18.0144060
-67.2052717
34
18.0148550
-67.2052288
34
18.0153447
-67.2051859
30
18.0158344
-67.2050142
32
18.0163650
-67.2049284
32
18.0168547
-67.2048426
32
18.0173852
-67.2047138
31
18.0179566
-67.2047138
29
18.0185279
-67.2045851
31
18.0192217
-67.2045851
31
18.0197523
-67.2046280
32
18.0202828
-67.2046709
32
18.0209358
-67.2046709
32
18.0213030
-67.2046709
32
18.0219152
-67.2047567
32
18.0224049
-67.2048426
32
18.0228130
-67.2048855
32
18.0232211
-67.2050571
32
18.0236292
-67.2053146
32
18.0239965
-67.2054863
31
18.0243230
-67.2056580
30
18.0243230
-67.2060580
29
18.0239965
-67.2058863
29
18.0236292
-67.2057146
31
18.0232211
-67.2054571
32
18.0228130
-67.2052855
32
18.0224049
-67.2052426
32
18.0219152
-67.2051567
32
18.0213030
-67.2050709
32
18.0209358
-67.2050709
32
18.0202828
-67.2050709
31
18.0197523
-67.2050280
31
18.0192217
-67.2049851
29
18.0185279
-67.2049851
28
18.0179566
-67.2051138
26
18.0173852
-67.2051138
28
18.0168547
-67.2052426
27
18.0163650
-67.2053284
26
18.0158344
-67.2054142
26
18.0153447
-67.2055859
26
18.0148550
-67.2056288
29
18.0144060
-67.2056717
31
18.0139979
-67.2058434
30
18.0134265
-67.2061438
27
18.0130184
-67.2062725
30
18.0126511
-67.2066159
33
18.0122430
-67.2069163
33
18.0117124
-67.2073454
35
18.0114676
-67.2076029
35
18.0114676
-67.2080029
37
18.0117124
-67.2077454
36
18.0122430
-67.2073163
33
18.0126511
-67.2070159
33
18.0130184
-67.2066725
29
18.0134265
-67.2065438
26
18.0139979
-67.2062434
25
18.0144060
-67.2060717
26
18.0148550
-67.2060288
26
18.0153447
-67.2059859
23
18.0158344
-67.2058142
23
18.0163650
-67.2057284
23
18.0168547
-67.2056426
24
18.0173852
-67.2055138
24
18.0179566
-67.2055138
24
18.0185279
-67.2053851
27
18.0192217
-67.2053851
29
18.0197523
-67.2054280
28
18.0202828
-67.2054709
28
18.0209358
-67.2054709
27
18.0213030
-67.2054709
27
18.0219152
-67.2055567
28
18.0224049
-67.2056426
29
18.0228130
-67.2056855
29
18.0232211
-67.2058571
28
18.0236292
-67.2061146
27
18.0239965
-67.2062863
28
18.0243230
-67.2064580
28
18.0243230
-67.2068580
22
18.0239965
-67.2066863
25
18.0236292
-67.2065146
26
18.0232211
-67.2062571
26
18.0228130
-67.2060855
26
18.0224049
-67.2060426
26
18.0219152
-67.2059567
25
18.0213030
-67.2058709
24
18.0209358
-67.2058709
22
18.0202828
-67.2058709
21
18.0197523
-67.2058280
24
18.0192217
-67.2057851
22
18.0185279
-67.2057851
22
18.0179566
-67.2059138
21
18.0173852
-67.2059138
21
18.0168547
-67.2060426
22
18.0163650
-67.2061284
20
18.0158344
-67.2062142
20
18.0153447
-67.2063859
21
18.0148550
-67.2064288
22
18.0144060
-67.2064717
23
18.0139979
-67.2066434
23
18.0134265
-67.2069438
25
18.0130184
-67.2070725
29
18.0126511
-67.2074159
33
18.0122430
-67.2077163
36
18.0117124
-67.2081454
39
18.0114676
-67.2084029
39
18.0114676
-67.2088029
38
18.0117124
-67.2085454
38
18.0122430
-67.2081163
38
18.0126511
-67.2078159
36
18.0130184
-67.2074725
29
18.0134265
-67.2073438
23
18.0139979
-67.2070434
21
18.0144060
-67.2068717
19
18.0148550
-67.2068288
15
18.0153447
-67.2067859
15
18.0158344
-67.2066142
14
18.0163650
-67.2065284
12
18.0168547
-67.2064426
13
18.0173852
-67.2063138
16
18.0179566
-67.2063138
16
18.0185279
-67.2061851
20
18.0192217
-67.2061851
16
18.0197523
-67.2062280
14
18.0202828
-67.2062709
12
18.0209358
-67.2062709
13
18.0213030
-67.2062709
16
18.0219152
-67.2063567
18
18.0224049
-67.2064426
20
18.0228130
-67.2064855
23
18.0232211
-67.2066571
23
18.0236292
-67.2069146
22
18.0239965
-67.2070863
21
18.0243230
-67.2072580
21
18.0243230
-67.2076580
15
18.0239965
-67.2074863
16
18.0236292
-67.2073146
16
18.0232211
-67.2070571
16
18.0228130
-67.2068855
15
18.0224049
-67.2068426
10
18.0219152
-67.2067567
7
18.0213030
-67.2066709
8
18.0209358
-67.2066709
5
18.0202828
-67.2066709
5
18.0197523
-67.2066280
4
18.0192217
-67.2065851
4
18.0185279
-67.2065851
11
18.0179566
-67.2067138
7
18.0173852
-67.2067138
7
18.0168547
-67.2068426
6
18.0163650
-67.2069284
6
18.0158344
-67.2070142
8
18.0153447
-67.2071859
11
18.0148550
-67.2072288
15
18.0144060
-67.2072717
10
18.0139979
-67.2074434
17
18.0134265
-67.2077438
18
18.0130184
-67.2078725
29
18.0126511
-67.2082159
38
18.0122430
-67.2085163
38
18.0117124
-67.2089454
38
18.0114676
-67.2092029
38
18.0114676
-67.2096029
38
18.0117124
-67.2093454
38
18.0122430
-67.2089163
38
18.0126511
-67.2086159
38
18.0130184
-67.2082725
38
18.0134265
-67.2081438
18
18.0139979
-67.2078434
15
18.0144060
-67.2076717
9
18.0148550
-67.2076288
9
18.0153447
-67.2075859
8
18.0158344
-67.2074142
8
18.0163650
-67.2073284
7
18.0168547
-67.2072426
6
18.0173852
-67.2071138
6
18.0179566
-67.2071138
6
18.0185279
-67.2069851
4
18.0192217
-67.2069851
5
18.0197523
-67.2070280
6
18.0202828
-67.2070709
6
18.0209358
-67.2070709
5
18.0213030
-67.2070709
4
18.0219152
-67.2071567
5
18.0224049
-67.2072426
6
18.0228130
-67.2072855
15
18.0232211
-67.2074571
12
18.0236292
-67.2077146
11
18.0239965
-67.2078863
11
18.0243230
-67.2080580
10
18.0243230
-67.2084580
8
18.0239965
-67.2082863
7
18.0236292
-67.2081146
8
18.0232211
-67.2078571
9
18.0228130
-67.2076855
8
18.0224049
-67.2076426
4
18.0219152
-67.2075567
4
18.0213030
-67.2074709
4
18.0209358
-67.2074709
6
18.0202828
-67.2074709
6
18.0197523
-67.2074280
6
18.0192217
-67.2073851
6
18.0185279
-67.2073851
6
18.0179566
-67.2075138
5
18.0173852
-67.2075138
7
18.0168547
-67.2076426
7
18.0163650
-67.2077284
8
18.0158344
-67.2078142
8
18.0153447
-67.2079859
8
18.0148550
-67.2080288
8
18.0144060
-67.2080717
10
18.0139979
-67.2082434
14
18.0134265
-67.2085438
31
18.0130184
-67.2086725
38
18.0126511
-67.2090159
38
18.0122430
-67.2093163
38
18.0117124
-67.2097454
38
18.0114676
-67.2100029
38
18.0114676
-67.2104029
40
18.0117124
-67.2101454
40
18.0122430
-67.2097163
39
18.0126511
-67.2094159
38
18.0130184
-67.2090725
38
18.0134265
-67.2089438
37
18.0139979
-67.2086434
17
18.0144060
-67.2084717
9
18.0148550
-67.2084288
8
18.0153447
-67.2083859
7
18.0158344
-67.2082142
8
18.0163650
-67.2081284
8
18.0168547
-67.2080426
8
18.0173852
-67.2079138
7
18.0179566
-67.2079138
5
18.0185279
-67.2077851
6
18.0192217
-67.2077851
6
18.0197523
-67.2078280
6
18.0202828
-67.2078709
6
18.0209358
-67.2078709
6
18.0213030
-67.2078709
5
18.0219152
-67.2079567
5
18.0224049
-67.2080426
5
18.0228130
-67.2080855
7
18.0232211
-67.2082571
8
18.0236292
-67.2085146
8
18.0239965
-67.2086863
8
18.0243230
-67.2088580
8
18.0243230
-67.2092580
8
18.0239965
-67.2090863
7
18.0236292
-67.2089146
8
18.0232211
-67.2086571
8
18.0228130
-67.2084855
8
18.0224049
-67.2084426
6
18.0219152
-67.2083567
5
18.0213030
-67.2082709
5
18.0209358
-67.2082709
6
18.0202828
-67.2082709
6
18.0197523
-67.2082280
6
18.0192217
-67.2081851
6
18.0185279
-67.2081851
5
18.0179566
-67.2083138
5
18.0173852
-67.2083138
8
18.0168547
-67.2084426
8
18.0163650
-67.2085284
8
18.0158344
-67.2086142
8
18.0153447
-67.2087859
13
18.0148550
-67.2088288
26
18.0144060
-67.2088717
28
18.0139979
-67.2090434
36
18.0134265
-67.2093438
39
18.0130184
-67.2094725
39
18.0126511
-67.2098159
39
18.0122430
-67.2101163
40
18.0117124
-67.2105454
40
18.0114676
-67.2108029
40
18.0114676
-67.2112029
39
18.0117124
-67.2109454
40
18.0122430
-67.2105163
39
18.0126511
-67.2102159
39
18.0130184
-67.2098725
39
18.0134265
-67.2097438
39
18.0139979
-67.2094434
38
18.0144060
-67.2092717
37
18.0148550
-67.2092288
38
18.0153447
-67.2091859
34
18.0158344
-67.2090142
12
18.0163650
-67.2089284
7
18.0168547
-67.2088426
7
18.0173852
-67.2087138
7
18.0179566
-67.2087138
7
18.0185279
-67.2085851
5
18.0192217
-67.2085851
6
18.0197523
-67.2086280
6
18.0202828
-67.2086709
6
18.0209358
-67.2086709
5
18.0213030
-67.2086709
5
18.0219152
-67.2087567
5
18.0224049
-67.2088426
6
18.0228130
-67.2088855
8
18.0232211
-67.2090571
8
18.0236292
-67.2093146
6
18.0239965
-67.2094863
7
18.0243230
-67.2096580
7
18.0243230
-67.2100580
7
18.0239965
-67.2098863
7
18.0236292
-67.2097146
6
18.0232211
-67.2094571
7
18.0228130
-67.2092855
7
18.0224049
-67.2092426
6
18.0219152
-67.2091567
6
18.0213030
-67.2090709
5
18.0209358
-67.2090709
5
18.0202828
-67.2090709
5
18.0197523
-67.2090280
6
18.0192217
-67.2089851
6
18.0185279
-67.2089851
5
18.0179566
-67.2091138
7
18.0173852
-67.2091138
7
18.0168547
-67.2092426
9
18.0163650
-67.2093284
21
18.0158344
-67.2094142
33
18.0153447
-67.2095859
37
18.0148550
-67.2096288
37
18.0144060
-67.2096717
38
18.0139979
-67.2098434
40
18.0134265
-67.2101438
39
18.0130184
-67.2102725
39
18.0126511
-67.2106159
39
18.0122430
-67.2109163
39
18.0117124
-67.2113454
39
18.0114676
-67.2116029
40
18.0114676
-67.2120029
40
18.0117124
-67.2117454
40
18.0122430
-67.2113163
40
18.0126511
-67.2110159
40
18.0130184
-67.2106725
40
18.0134265
-67.2105438
40
18.0139979
-67.2102434
40
18.0144060
-67.2100717
40
18.0148550
-67.2100288
38
18.0153447
-67.2099859
37
18.0158344
-67.2098142
36
18.0163650
-67.2097284
34
18.0168547
-67.2096426
28
18.0173852
-67.2095138
13
18.0179566
-67.2095138
11
18.0185279
-67.2093851
10
18.0192217
-67.2093851
10
18.0197523
-67.2094280
7
18.0202828
-67.2094709
8
18.0209358
-67.2094709
7
18.0213030
-67.2094709
9
18.0219152
-67.2095567
14
18.0224049
-67.2096426
10
18.0228130
-67.2096855
7
18.0232211
-67.2098571
6
18.0236292
-67.2101146
7
18.0239965
-67.2102863
11
18.0243230
-67.2104580
15
18.0243230
-67.2108580
34
18.0239965
-67.2106863
33
18.0236292
-67.2105146
28
18.0232211
-67.2102571
11
18.0228130
-67.2100855
12
18.0224049
-67.2100426
26
18.0219152
-67.2099567
31
18.0213030
-67.2098709
25
18.0209358
-67.2098709
21
18.0202828
-67.2098709
25
18.0197523
-67.2098280
25
18.0192217
-67.2097851
32
18.0185279
-67.2097851
34
18.0179566
-67.2099138
35
18.0173852
-67.2099138
33
18.0168547
-67.2100426
35
18.0163650
-67.2101284
38
18.0158344
-67.2102142
38
18.0153447
-67.2103859
38
18.0148550
-67.2104288
40
18.0144060
-67.2104717
41
18.0139979
-67.2106434
41
18.0134265
-67.2109438
41
18.0130184
-67.2110725
41
18.0126511
-67.2114159
40
18.0122430
-67.2117163
40
18.0117124
-67.2121454
41
18.0114676
-67.2124029
41
18.0114676
-67.2128029
41
18.0117124
-67.2125454
40
18.0122430
-67.2121163
41
18.0126511
-67.2118159
40
18.0130184
-67.2114725
41
18.0134265
-67.2113438
40
18.0139979
-67.2110434
40
18.0144060
-67.2108717
40
18.0148550
-67.2108288
41
18.0153447
-67.2107859
41
18.0158344
-67.2106142
40
18.0163650
-67.2105284
40
18.0168547
-67.2104426
40
18.0173852
-67.2103138
37
18.0179566
-67.2103138
37
18.0185279
-67.2101851
37
18.0192217
-67.2101851
36
18.0197523
-67.2102280
37
18.0202828
-67.2102709
36
18.0209358
-67.2102709
35
18.0213030
-67.2102709
34
18.0219152
-67.2103567
35
18.0224049
-67.2104426
36
18.0228130
-67.2104855
29
18.0232211
-67.2106571
34
18.0236292
-67.2109146
39
18.0239965
-67.2110863
38
18.0243230
-67.2112580
38
18.0243230
-67.2116580
42
18.0239965
-67.2114863
42
18.0236292
-67.2113146
42
18.0232211
-67.2110571
38
18.0228130
-67.2108855
37
18.0224049
-67.2108426
38
18.0219152
-67.2107567
37
18.0213030
-67.2106709
37
18.0209358
-67.2106709
38
18.0202828
-67.2106709
40
18.0197523
-67.2106280
41
18.0192217
-67.2105851
40
18.0185279
-67.2105851
39
18.0179566
-67.2107138
39
18.0173852
-67.2107138
40
18.0168547
-67.2108426
40
18.0163650
-67.2109284
41
18.0158344
-67.2110142
41
18.0153447
-67.2111859
40
18.0148550
-67.2112288
40
18.0144060
-67.2112717
40
18.0139979
-67.2114434
40
18.0134265
-67.2117438
40
18.0130184
-67.2118725
40
18.0126511
-67.2122159
41
18.0122430
-67.2125163
40
18.0117124
-67.2129454
41
18.0114676
-67.2132029
40
18.0114676
-67.2136029
41
18.0117124
-67.2133454
41
18.0122430
-67.2129163
40
18.0126511
-67.2126159
41
18.0130184
-67.2122725
41
18.0134265
-67.2121438
41
18.0139979
-67.2118434
41
18.0144060
-67.2116717
40
18.0148550
-67.2116288
41
18.0153447
-67.2115859
41
18.0158344
-67.2114142
41
18.0163650
-67.2113284
40
18.0168547
-67.2112426
41
18.0173852
-67.2111138
42
18.0179566
-67.2111138
42
18.0185279
-67.2109851
42
18.0192217
-67.2109851
42
18.0197523
-67.2110280
43
18.0202828
-67.2110709
42
18.0209358
-67.2110709
41
18.0213030
-67.2110709
41
18.0219152
-67.2111567
41
18.0224049
-67.2112426
41
18.0228130
-67.2112855
41
18.0232211
-67.2114571
41
18.0236292
-67.2117146
42
18.0239965
-67.2118863
42
18.0243230
-67.2120580
42
18.0243230
-67.2124580
43
18.0239965
-67.2122863
43
18.0236292
-67.2121146
43
18.0232211
-67.2118571
42
18.0228130
-67.2116855
42
18.0224049
-67.2116426
42
18.0219152
-67.2115567
42
18.0213030
-67.2114709
42
18.0209358
-67.2114709
42
18.0202828
-67.2114709
42
18.0197523
-67.2114280
42
18.0192217
-67.2113851
42
18.0185279
-67.2113851
42
18.0179566
-67.2115138
41
18.0173852
-67.2115138
42
18.0168547
-67.2116426
41
18.0163650
-67.2117284
41
18.0158344
-67.2118142
41
18.0153447
-67.2119859
40
18.0148550
-67.2120288
41
18.0144060
-67.2120717
40
18.0139979
-67.2122434
41
18.0134265
-67.2125438
41
18.0130184
-67.2126725
41
18.0126511
-67.2130159
41
18.0122430
-67.2133163
41
18.0117124
-67.2137454
41
18.0114676
-67.2140029
41
18.0114676
-67.2144029
40
18.0117124
-67.2141454
41
18.0122430
-67.2137163
41
18.0126511
-67.2134159
41
18.0130184
-67.2130725
41
18.0134265
-67.2129438
42
18.0139979
-67.2126434
42
18.0144060
-67.2124717
41
18.0148550
-67.2124288
41
18.0153447
-67.2123859
41
18.0158344
-67.2122142
41
18.0163650
-67.2121284
41
18.0168547
-67.2120426
42
18.0173852
-67.2119138
41
18.0179566
-67.2119138
42
18.0185279
-67.2117851
42
18.0192217
-67.2117851
43
18.0197523
-67.2118280
42
18.0202828
-67.2118709
42
18.0209358
-67.2118709
43
18.0213030
-67.2118709
43
18.0219152
-67.2119567
42
18.0224049
-67.2120426
43
18.0228130
-67.2120855
43
18.0232211
-67.2122571
43
18.0236292
-67.2125146
43
18.0239965
-67.2126863
43
18.0243230
-67.2128580
43
18.0243230
-67.2132580
44
18.0239965
-67.2130863
44
18.0236292
-67.2129146
44
18.0232211
-67.2126571
45
18.0228130
-67.2124855
44
18.0224049
-67.2124426
44
18.0219152
-67.2123567
44
18.0213030
-67.2122709
43
18.0209358
-67.2122709
42
18.0202828
-67.2122709
42
18.0197523
-67.2122280
42
18.0192217
-67.2121851
43
18.0185279
-67.2121851
42
18.0179566
-67.2123138
42
18.0173852
-67.2123138
41
18.0168547
-67.2124426
41
18.0163650
-67.2125284
42
18.0158344
-67.2126142
41
18.0153447
-67.2127859
41
18.0148550
-67.2128288
41
18.0144060
-67.2128717
41
18.0139979
-67.2130434
41
18.0134265
-67.2133438
41
18.0130184
-67.2134725
42
18.0126511
-67.2138159
41
18.0122430
-67.2141163
40
18.0117124
-67.2145454
40
18.0114676
-67.2148029
41
18.0114676
-67.2152029
40
18.0117124
-67.2149454
41
18.0122430
-67.2145163
40
18.0126511
-67.2142159
41
18.0130184
-67.2138725
41
18.0134265
-67.2137438
42
18.0139979
-67.2134434
42
18.0144060
-67.2132717
41
18.0148550
-67.2132288
41
18.0153447
-67.2131859
41
18.0158344
-67.2130142
41
18.0163650
-67.2129284
42
18.0168547
-67.2128426
41
18.0173852
-67.2127138
41
18.0179566
-67.2127138
42
18.0185279
-67.2125851
42
18.0192217
-67.2125851
42
18.0197523
-67.2126280
43
18.0202828
-67.2126709
43
18.0209358
-67.2126709
44
18.0213030
-67.2126709
44
18.0219152
-67.2127567
45
18.0224049
-67.2128426
45
18.0228130
-67.2128855
45
18.0232211
-67.2130571
45
18.0236292
-67.2133146
44
18.0239965
-67.2134863
44
18.0243230
-67.2136580
44
